format short
jieguo=1.6162+1+2.1560+1+2.4633+3.0735+2.4633+1.2477+1+0.4060+0.8752+0.4060+1.4705+7.7392
x1=1/jieguo;
%x=[x1,x2,x3,x4,x5,x6,x7,x8,x9,x10,x11,x12,x13];
y1=1.6162*x1;
y2=x1;
y3=2.1560*x1;
y4=x1;
y5=2.4633*x1;
y6=3.0735*x1;
y7=2.4633*x1;
y8=1.2477*x1;
y9=x1;
y10=0.4060*x1;
y11=0.8752*x1;
y12=0.4060*x1;
y13=1.4705*x1;
y14=7.7392*x1;
format short
y=[y1
    y2
    y3
    y4
    y5
    y6
    y7
    y8
    y9
    y10
    y11
    y12
    y13
    y14]